f (Hz)	Rs (Ohm)	Xs (Ohm)	Rs_CSE (Ohm)	Xs_CSE (Ohm)	Rs_ASE_diffuse (Ohm)	Xs_ASE_diffuse (Ohm)	Rs_relaxation (Ohm)	Xs_relaxation (Ohm)	Rs_local (Ohm)	Xs_local (Ohm)	Rs_anomalous_reflection (Ohm)	Xs_anomalous_reflection (Ohm)
1000.0	2.951280054587528e-07	-3.5916112567271155e-07	2.809925893181118e-07	-2.8099258931811185e-07	1.4539905691423136e-07	-2.518385539480475e-07	0.00030616582327592964	-2.578891216755254e-10	2.809925301468075e-07	-2.8099264848942866e-07	0.2518010891551806	-2.578891216755254e-10
1261.856883066021	3.3403741579857815e-07	-4.114502351256067e-07	3.1564572866976003e-07	-3.1564572866976003e-07	1.6978591402258459e-07	-2.9407782949663756e-07	0.00030616582327592964	-3.2541916325411233e-10	3.156456447959672e-07	-3.1564581254357513e-07	0.2518010891551806	-3.2541916325411233e-10
1592.2827933410922	3.783876616751781e-07	-4.7177660190974696e-07	3.5457243292160293e-07	-3.54572432921603e-07	1.9826302324291702e-07	-3.434016295189414e-07	0.00030616582327592964	-4.106324110337865e-10	3.545723140326729e-07	-3.545725518105729e-07	0.2518010891551806	-4.106324110337865e-10
2009.2330025650479	4.2899290171932973e-07	-5.414224826505661e-07	3.982997353323262e-07	-3.982997353323262e-07	2.3151641649255286e-07	-4.009981961513786e-07	0.00030616582327592964	-5.181593342729789e-10	3.9829956681034697e-07	-3.982999038543767e-07	0.2518010891551806	-5.181593342729789e-10
2535.3644939701117	4.867952276632526e-07	-6.218783759537604e-07	4.474196650275895e-07	-4.4741966502758947e-07	2.703471894498514e-07	-4.682550678105913e-07	0.00030616582327592964	-6.538429224772651e-10	4.474194261520513e-07	-4.474199039032552e-07	0.2518010891551806	-6.538429224772651e-10
3199.2671377973843	5.528851708867019e-07	-7.148772177040502e-07	5.0259726255247e-07	-5.0259726255247e-07	3.156908004654818e-07	-5.46792505888303e-07	0.00030616582327592964	-8.250561921719395e-10	5.025969239525901e-07	-5.02597601152578e-07	0.2518010891551806	-8.250561921719395e-10
4037.017258596554	6.285255461277375e-07	-8.224342640447223e-07	5.64579583934157e-07	-5.645795839341569e-07	3.686396063570817e-07	-6.385025278926562e-07	0.00030616582327592964	-1.0411028350084027e-09	5.64579103977618e-07	-5.645800638911039e-07	0.2518010891551806	-1.0411028350084027e-09
5094.138014816381	7.151791882906556e-07	-9.468936109212186e-07	6.342058151619741e-07	-6.34205815161974e-07	4.30469177989123e-07	-7.45594487369571e-07	0.00030616582327592964	-1.313722778334901e-09	6.342051348360564e-07	-6.342064954886215e-07	0.2518010891551806	-1.313722778334901e-09
6428.073117284319	8.145412304994503e-07	-1.0909824562508284e-06	7.124186340258659e-07	-7.124186340258658e-07	5.026690295972627e-07	-8.706482986538024e-07	0.00030616582327592964	-1.6577301302825097e-09	7.124176696815909e-07	-7.124195983714465e-07	0.2518010891551806	-1.6577301302825097e-09
8111.308307896872	9.285766785010365e-07	-1.2578743945048532e-06	8.002769731426332e-07	-8.002769731426332e-07	5.869785021464148e-07	-1.0166765886682676e-06	0.00030616582327592964	-2.0918181751629167e-09	8.002756062097813e-07	-8.002783400778201e-07	0.2518010891551806	-2.0918181751629167e-09
10235.31021899027	1.05956416089939e-06	-1.4512632486685536e-06	8.989703569700316e-07	-8.989703569700316e-07	6.854286651757648e-07	-1.1871972730485407e-06	0.00030616582327592964	-2.6395751624519305e-09	8.989684193784648e-07	-8.989722945657745e-07	0.2518010891551806	-2.6395751624519305e-09
12915.496650148827	1.210146880048704e-06	-1.6754491965702152e-06	1.009835006919272e-06	-1.009835006919272e-06	8.003912465731853e-07	-1.3863183049981456e-06	0.00030616582327592964	-3.330766087110072e-09	1.0098322604340629e-06	-1.0098377534119508e-06	0.2518010891551806	-3.330766087110072e-09
16297.508346206434	1.38339195871548e-06	-1.935439243078119e-06	1.1343719326149511e-06	-1.134371932614951e-06	9.346357690288632e-07	-1.6188366385292008e-06	0.00030616582327592964	-4.202950112902722e-09	1.1343680395445146e-06	-1.1343758256987481e-06	0.2518010891551806	-4.202950112902722e-09
20565.123083486516	1.5828595767240027e-06	-2.2370644331920188e-06	1.2742672542421064e-06	-1.2742672542421064e-06	1.0913962696221226e-06	-1.890353790176657e-06	0.00030616582327592964	-5.303521529149411e-09	1.274261735917828e-06	-1.2742727725902826e-06	0.2518010891551806	-5.303521529149411e-09
25950.242113997374	1.8126835240719152e-06	-2.5871166018456385e-06	1.4314150311270805e-06	-1.4314150311270807e-06	1.2744492098593115e-06	-2.2074107831423376e-06	0.00030616582327592964	-6.692285146046013e-09	1.4314072090494286e-06	-1.4314228532474776e-06	0.2518010891551806	-6.692285146046013e-09
32745.491628777316	2.0776650677942205e-06	-2.9935079241032323e-06	1.6079429056310412e-06	-1.6079429056310412e-06	1.48820445306578e-06	-2.5776457247601824e-06	0.00030616582327592964	-8.444706074978653e-09	1.6079318180460014e-06	-1.607953993292536e-06	0.2518010891551806	-8.444706074978653e-09
41320.124001153345	2.3833823454421365e-06	-3.4654570760587903e-06	1.8062409095518676e-06	-1.8062409095518676e-06	1.7378115008359606e-06	-3.0099778134254073e-06	0.00030616582327592964	-1.0656010486181234e-08	1.8062251932007339e-06	-1.8062566260397525e-06	0.2518010891551806	-1.0656010486181234e-08
52140.082879996844	2.736317866563313e-06	-4.013706455939434e-06	2.0289938230477046e-06	-2.0289938230477046e-06	2.0292835478461316e-06	-3.5148222078331276e-06	0.00030616582327592964	-1.3446360178011485e-08	2.0289715455514167e-06	-2.0290161007885927e-06	0.2518010891551806	-1.3446360178011485e-08
65793.32246575682	3.1440071349094717e-06	-4.650775661516666e-06	2.2792175241934545e-06	-2.2792175241934545e-06	2.3696423435902317e-06	-4.104340934864867e-06	0.00030616582327592964	-1.696738214280864e-08	2.2791859464634483e-06	-2.2792491023609645e-06	0.2518010891551806	-1.696738214280864e-08
83021.75681319735	3.615211908234672e-06	-5.391257290520434e-06	2.560299821311184e-06	-2.5602998213111838e-06	2.7670873508513577e-06	-4.792735880655718e-06	0.00030616582327592964	-2.1410407944514533e-08	2.5602550607759744e-06	-2.5603445826289355e-06	0.2518010891551806	-2.1410407944514533e-08
104761.57527896661	4.1601221999484295e-06	-6.252162146318778e-06	2.8760463209082056e-06	-2.8760463209082056e-06	3.231193276045564e-06	-5.596590923185843e-06	0.00030616582327592964	-2.7016870634037137e-08	2.8759828741512627e-06	-2.876109769064841e-06	0.2518010891551806	-2.7016870634037137e-08
132194.11484660287	4.79059181110121e-06	-7.253322117664388e-06	3.2307319522342212e-06	-3.230731952234221e-06	3.773140730071185e-06	-6.535271448590818e-06	0.00030616582327592964	-3.409142416846395e-08	3.230642018355311e-06	-3.2308218886166894e-06	0.2518010891551806	-3.409142416846395e-08
166810.0537200059	5.520412979638321e-06	-8.417860388466467e-06	3.629158846054722e-06	-3.6291588460547216e-06	4.405985576432408e-06	-7.631390875796576e-06	0.00030616582327592964	-4.3018498240499536e-08	3.6290313675696545e-06	-3.6292863290177788e-06	0.2518010891551806	-4.3018498240499536e-08
210490.41445120217	6.365636666917752e-06	-9.772740254408461e-06	4.076721351268075e-06	-4.076721351268075e-06	5.144973455406783e-06	-8.911355428357754e-06	0.00030616582327592964	-5.4283188103937855e-08	4.076540654640289e-06	-4.076902055905415e-06	0.2518010891551806	-5.4283188103937855e-08
265608.7782946684	7.344946091728054e-06	-1.134940571558031e-05	4.579479069634085e-06	-4.579479069634085e-06	6.007907061346793e-06	-1.040600027740447e-05	0.00030616582327592964	-6.84976145437214e-08	4.579222938319493e-06	-4.57973521527496e-06	0.2518010891551806	-6.84976145437214e-08
335160.2650938841	8.480092393987902e-06	-1.3184529222859432e-05	5.144238897439826e-06	-5.144238897439826e-06	7.0155750210623545e-06	-1.215133238079109e-05	0.00030616582327592964	-8.643418638559803e-08	5.1438758405781945e-06	-5.14460197992616e-06	0.2518010891551806	-8.643418638559803e-08
422924.2874389499	9.796402792268746e-06	-1.5320884535283556e-05	5.778647184874548e-06	-5.778647184874548e-06	8.192252705240882e-06	-1.4189397913920786e-05	0.00030616582327592964	-1.0906757302287825e-07	5.7781325659099e-06	-5.779161849672807e-06	0.2518010891551806	-1.0906757302287825e-07
533669.9231206302	1.1323373326982531e-05	-1.7808365661376063e-05	6.491293260870397e-06	-6.491293260870397e-06	9.566287037774938e-06	-1.656929518921376e-05	0.00030616582327592964	-1.376276677382245e-07	6.490563810292122e-06	-6.492022793428937e-06	0.2518010891551806	-1.376276677382245e-07
673415.0657750828	1.3095360298159842e-05	-2.0705176382831845e-05	7.291825725044034e-06	-7.291825725044034e-06	1.1170779391431168e-05	-1.934835746610212e-05	0.00030616582327592964	-1.736664198358023e-07	7.290791762914592e-06	-7.292859833807438e-06	0.2518010891551806	-1.736664198358023e-07
849753.4359086438	1.5152386861295472e-05	-2.407921897765816e-05	8.191083081229386e-06	-8.191083081229386e-06	1.3044383021257064e-05	-2.259353414620604e-05	0.00030616582327592964	-2.1914216722724e-07	8.189617493847642e-06	-8.192548930887894e-06	0.2518010891551806	-2.1914216722724e-07
1072267.222010323	1.7541083990002907e-05	-2.8009715572022594e-05	9.201240481264685e-06	-9.201240481264683e-06	1.5232234246410979e-05	-2.638300362757444e-05	0.00030616582327592964	-2.7652605208569784e-07	9.199163097712581e-06	-9.203318333937984e-06	0.2518010891551806	-2.7652605208569784e-07
1353047.7745798077	2.0315788213840325e-05	-3.258910117523123e-05	1.0335974565814934e-05	-1.0335974565814934e-05	1.778703981318512e-05	-3.080805667268705e-05	0.00030616582327592964	-3.489363021714109e-07	1.0333030015410905e-05	-1.0338919955312342e-05	0.2518010891551806	-3.489363021714109e-07
1707352.6474706887	2.3539822268266774e-05	-3.792523402984795e-05	1.1610648634029538e-05	-1.1610648634029538e-05	2.077034663449831e-05	-3.59752956617683e-05	0.00030616582327592964	-4.403076746465989e-07	1.1606474965736102e-05	-1.1614823803166863e-05	0.2518010891551806	-4.403076746465989e-07
2154434.6900318866	2.728698913810414e-05	-4.41439766034655e-05	1.3042520649068902e-05	-1.30425206490689e-05	2.4254024494701144e-05	-4.200920271284243e-05	0.00030616582327592964	-5.556052699196061e-07	1.303660486086285e-05	-1.304843912175841e-05	0.2518010891551806	-5.556052699196061e-07
2718588.2427329402	3.164331503898089e-05	-5.1392209551873275e-05	1.4650976895711265e-05	-1.4650976895711267e-05	2.8321997439007615e-05	-4.90551385361968e-05	0.00030616582327592964	-7.01094334115808e-07	1.464259191749378e-05	-1.4659366675528092e-05	0.2518010891551806	-7.01094334115808e-07
3430469.286314919	3.670908277960561e-05	-5.98413515174595e-05	1.6457794453558283e-05	-1.6457794453558283e-05	3.307226555784175e-05	-5.728284426759216e-05	0.00030616582327592964	-8.84680711182621e-07	1.6445909855848825e-05	-1.646968763964406e-05	0.2518010891551806	-8.84680711182621e-07
4328761.281083061	4.260120381104449e-05	-6.969146995601556e-05	1.8487436039494507e-05	-1.848743603949451e-05	3.861926587218599e-05	-6.689053064163692e-05	0.00030616582327592964	-1.116340444721533e-06	1.847059152580279e-05	-1.850429591477555e-05	0.2518010891551806	-1.116340444721533e-06
5462277.217684337	4.945598524894338e-05	-8.117608262717916e-05	2.0767381211308285e-05	-2.0767381211308285e-05	4.509662919518229e-05	-7.810965301614968e-05	0.00030616582327592964	-1.4086618740168464e-06	2.0743507405154522e-05	-2.0791282493944647e-05	0.2518010891551806	-1.4086618740168464e-06
6892612.104349695	5.7432357429540916e-05	-9.45677663129945e-05	2.3328498416678942e-05	-2.3328498416678942e-05	5.266039938455865e-05	-9.12104872809244e-05	0.00030616582327592964	-1.777529681640838e-06	2.3294663025824653e-05	-2.3362382953282754e-05	0.2518010891551806	-1.777529681640838e-06
8697490.026177835	6.671563833563934e-05	-0.0001101847091851286	2.6205462924745324e-05	-2.620546292474532e-05	6.149279253974661e-05	-0.00010650864097813352	0.00030616582327592964	-2.2429880636326446e-06	2.6157511283137217e-05	-2.6253502470738063e-05	0.2518010891551806	-2.2429880636326446e-06
10974987.654930567	7.752192373529217e-05	-0.00012839836654515577	2.9437226298681094e-05	-2.943722629868109e-05	7.180658670517237e-05	-0.00012437265649145837	0.00030616582327592964	-2.8303299267297783e-06	2.93692724669894e-05	-2.9505337360118495e-05	0.2518010891551806	-2.8303299267297783e-06
13848863.713938717	9.010320637410152e-05	-0.0001496424070367004	3.306754376552127e-05	-3.306754376552127e-05	8.385024783050253e-05	-0.0001452328894696724	0.00030616582327592964	-3.571471299391711e-06	3.297125029670687e-05	-3.316411846213422e-05	0.2518010891551806	-3.571471299391711e-06
17475284.00007683	0.00010475334434549089	-0.00017442316861998746	3.714556662336279e-05	-3.714556662336279e-05	9.791391547553198e-05	-0.0001695918763716259	0.00030616582327592964	-4.506685641810176e-06	3.700912565435514e-05	-3.728251060717273e-05	0.2518010891551806	-4.506685641810176e-06
22051307.399030454	0.00012181501816291347	-0.0002033318815073425	4.17265077066099e-05	-4.172650770660991e-05	0.00011433639245920115	-0.00019803644089347138	0.00030616582327592964	-5.686792296932978e-06	4.153320028411013e-05	-4.1920714837279e-05	0.2518010891551806	-5.686792296932978e-06
27825594.022071257	0.00014168783844578604	-0.00023705895996860272	4.687238891907779e-05	-4.68723889190778e-05	0.00013351330683789557	-0.00023125183092976827	0.00030616582327592964	-7.175918002451708e-06	4.659854935771439e-05	-4.7147837717346664e-05	0.2518010891551806	-7.175918002451708e-06
35111917.34215128	0.0001648377919247666	-0.0002764107177441809	5.2652880955893036e-05	-5.265288095589303e-05	0.0001559066428403436	-0.0002700382266369696	0.00030616582327592964	-9.054981523711042e-06	5.2265023028573265e-05	-5.3043617170891026e-05	0.2518010891551806	-9.054981523711042e-06
44306214.575838774	0.00019180824313563786	-0.000322328924349866	5.9146246583285745e-05	-5.9146246583285745e-05	0.00018205587036548013	-0.00031533001728918463	0.00030616582327592964	-1.1426090761730424e-05	5.85970109948506e-05	-5.970063021129634e-05	0.2518010891551806	-1.1426090761730424e-05
55908101.82512223	0.0002232327432096075	-0.0003759136937808978	6.644040024744944e-05	-6.644040024744944e-05	0.00021259094116005066	-0.0003682183113180933	0.00030616582327592964	-1.4418091274226612e-05	6.566284826401092e-05	-6.722715967623844e-05	0.2518010891551806	-1.4418091274226612e-05
70548023.10718645	0.00025984993613482334	-0.0004384502854562525	7.463409835863924e-05	-7.463409835863924e-05	0.0002482474647622545	-0.0004299772218183892	0.00030616582327592964	-1.8193567715056985e-05	7.353369193847696e-05	-7.57509719825773e-05	0.2518010891551806	-1.8193567715056985e-05
89021508.54450393	0.0003025208973945999	-0.0005114405027298043	8.383827636590544e-05	-8.383827636590544e-05	0.00028988442980969084	-0.0005020945607535184	0.00030616582327592964	-2.2957678648772403e-05	8.228163501996609e-05	-8.542436695989753e-05	0.2518010891551806	-2.2957678648772403e-05
112332403.29780266	0.0003522492907467144	-0.0005966395007405872	9.417755072527527e-05	-9.417755072527526e-05	0.00033850489762933707	-0.0005863076813049133	0.00030616582327592964	-2.8969304822171224e-05	9.197674188414409e-05	-9.643102026579608e-05	0.2518010891551806	-2.8969304822171224e-05
141747416.29268077	0.0004102047870536943	-0.0006960989675638459	0.00010579190609670909	-0.00010579190609670909	0.00039528016663148744	-0.000684645331830028	0.00030616582327592964	-3.6555116687494504e-05	0.00010268259208453768	-0.00010899537271478985	0.2518010891551806	-3.6555116687494504e-05
178864952.9057435	0.00047775025581153627	-0.0008122178266028061	0.00011883859061298792	-0.00011883859061298794	0.0004615779896434641	-0.0007994765297179807	0.00030616582327592964	-4.612732560339641e-05	0.00011444981284064728	-0.00012339566372681428	0.2518010891551806	-4.612732560339641e-05
225701971.9633917	0.0005564733173244094	-0.0009478018315346206	0.00013349424488080626	-0.00013349424488080623	0.0005389955239568811	-0.0009335676325455259	0.00030616582327592964	-5.8206083310073146e-05	0.00012730699074049576	-0.00013998220610384737	0.2518010891551806	-5.8206083310073146e-05
284803586.8435793	0.0006482229345163293	-0.0011061336972735542	0.00014995729353886356	-0.00014995729353886353	0.0006293978078763151	-0.0010901489814142524	0.00030616582327592964	-7.34477468611299e-05	0.00014124833796373893	-0.00015920321760723137	0.2518010891551806	-7.34477468611299e-05
359381366.3804626	0.0007551518334033444	-0.0012910557424180465	0.0001684506317525463	-0.00016845063175254633	0.0007349626906942606	-0.0012729927219499886	0.00030616582327592964	-9.268054492240771e-05	0.00015621766819991358	-0.00018164152406576286	0.2518010891551806	-9.268054492240771e-05
453487850.8128591	0.0008797656787543309	-0.0015070674224052147	0.0001892246430179671	-0.00018922464301796712	0.0008582332984844104	-0.0014865036777224239	0.00030616582327592964	-0.00011694958353664994	0.00017208883788962228	-0.0002080667518264202	0.2518010891551806	-0.00011694958353664994
572236765.935022	0.001024980109126836	-0.0017594406181776416	0.00021256058913377018	-0.00021256058913377018	0.0010021792996480617	-0.0017358254652842368	0.00030616582327592964	-0.00014757363695742606	0.00018864420025323198	-0.00023950910758053568	0.2518010891551806	-0.00014757363695742606
722080901.8385457	0.0011941869688336974	-0.002054356115197306	0.00023877441823793203	-0.000238774418237932	0.0011702684461401419	-0.0020269644072094073	0.00030616582327592964	-0.00018621680955381386	0.00020555528317277554	-0.0002773619919899676	0.2518010891551806	-0.00018621680955381386
911162756.1154869	0.0013913313730533636	-0.002399065349054967	0.00026822104246701587	-0.0002682210424670158	0.0013665501138490918	-0.0023669342282756603	0.00030616582327592964	-0.00023497896287807388	0.0002223741058546053	-0.00032352025585717626	0.2518010891551806	-0.00023497896287807388
1149756995.3977356	0.0016210015845406758	-0.002802082174759923	0.0003012991431536194	-0.00030129914315361943	0.0015957528546722347	-0.0027639250206153844	0.00030616582327592964	-0.0002965098216834132	0.00023854835876285755	-0.00038055668936859627	0.2518010891551806	-0.0002965098216834132
1450828778.495943	0.001888533968603317	-0.0032734101136569424	0.00033845656862014815	-0.0003384565686201482	0.0018633983103789689	-0.0032275005483143734	0.00030616582327592964	-0.0003741529593878942	0.0002534751545787014	-0.0004519292986822406	0.2518010891551806	-0.0003741529593878942
1830738280.2953696	0.0022001353291109765	-0.003824811328313799	0.000380196397650289	-0.00038019639765028896	0.002175934232520225	-0.0037688286446534197	0.00030616582327592964	-0.0004721274871231347	0.00026659852360054654	-0.000542198429436315	0.2518010891551806	-0.0004721274871231347
2310129700.083158	0.002563024531765078	-0.0044701248083514914	0.00042708375073224013	-0.00042708375073224013	0.0025408898129195266	-0.004400950252410799	0.00030616582327592964	-0.0005957573193109906	0.00027752977225198414	-0.0006572286953556357	0.2518010891551806	-0.0005957573193109906
2915053062.82517	0.0029855946695767277	-0.005225643464896146	0.0004797534412919222	-0.0004797534412919222	0.0029670570667572876	-0.005139093588579903	0.00030616582327592964	-0.0007517604740095333	0.0002861392993621675	-0.0008043752289339439	0.2518010891551806	-0.0007517604740095333
3678379771.8286343	0.003477596846764623	-0.006110563253641519	0.00053891857050713	-0.00053891857050713	0.0034647026378838083	-0.006001041001932668	0.00030616582327592964	-0.0009486141285459061	0.0002925673289702026	-0.0009927055992879795	0.2518010891551806	-0.0009486141285459061
4641588833.612792	0.004050347558110464	-0.007147521440997118	0.0006053801820688235	-0.0006053801820688234	0.004045815128887438	-0.007007557361263867	0.00030616582327592964	-0.0011970152674793293	0.0002971471203575418	-0.001233345840271678	0.2518010891551806	-0.0011970152674793293
5857020818.056673	0.004716963068348262	-0.00836324483819981	0.0006800381076065228	-0.0006800381076065229	0.0047243939142587316	-0.008182890294465324	0.00030616582327592964	-0.001510461954403903	0.0003002890376380044	-0.0015400223445870243	0.2518010891551806	-0.001510461954403903
7390722033.525775	0.005492624944183683	-0.009789332548176573	0.0007639031496153043	-0.0007639031496153043	0.005516786394345879	-0.009555354329511772	0.00030616582327592964	-0.0019059868137739151	0.00030238401604957524	-0.0019298242996300125	0.2518010891551806	-0.0019059868137739151
9326033468.83218	0.006394880447190046	-0.011463202604959378	0.0008581107668304804	-0.0008581107668304804	0.006442081814766522	-0.01115801300969113	0.00030616582327592964	-0.0024050825799936844	0.00030375286611785275	-0.002424188115692373	0.2518010891551806	-0.0024050825799936844
11768119524.34999	0.007443980197872555	-0.013429239310639761	0.0009639364473378843	-0.0009639364473378842	0.007522571138639547	-0.013029475415674953	0.00030616582327592964	-0.003034870007907221	0.00030463495033934945	-0.0030501210497066228	0.2518010891551806	-0.003034870007907221
14849682622.544636	0.00866325488251864	-0.015740187190323107	0.0010828129775581033	-0.0010828129775581033	0.008784284050255185	-0.015214826283158898	0.00030616582327592964	-0.0038295716086883492	0.00030519815306910867	-0.003841713760642417	0.2518010891551806	-0.0038295716086883492
18738174228.603867	0.010079528626525863	-0.01845885102796858	0.0012163498409115162	-0.0012163498409115162	0.010257616026948312	-0.017766712123207278	0.00030616582327592964	-0.0048323712936176174	0.0003055556028753029	-0.004842021948094525	0.2518010891551806	-0.0048323712936176174
23644894126.45407	0.01172357114615145	-0.021660174647828996	0.0013663550088049055	-0.0013663550088049055	0.011978060585740056	-0.020746609510639995	0.00030616582327592964	-0.00609776097838203	0.00030578159399218154	-0.006105423108409815	0.2518010891551806	-0.00609776097838203
29836472402.833344	0.013630570402240423	-0.025433797365757904	0.0015348594189704536	-0.0015348594189704536	0.013987064345041924	-0.024226306094347706	0.00030616582327592964	-0.007694501661862745	0.00030592412216368103	-0.007700580847762896	0.2518010891551806	-0.007694501661862745
37649358067.92456	0.01584063662924647	-0.02988721473877554	0.0017241444725722003	-0.0017241444725722003	0.01633302550040957	-0.028289630008027453	0.00030616582327592964	-0.009709359883784421	0.0003060138720046968	-0.009714181069071423	0.2518010891551806	-0.009709359883784421
47508101621.02793	0.018399326380407616	-0.03514968819956534	0.0019367729223665803	-0.0019367729223665803	0.019072459768271006	-0.03303446934395871	0.00030616582327592964	-0.012251822599518498	0.0003060703318090306	-0.012255645069032163	0.2518010891551806	-0.012251822599518498
59948425031.89421	0.021358094553015447	-0.04137694732553212	0.00217562357011547	-0.00217562357011547	0.022271361885965003	-0.03857513034024439	0.00030616582327592964	-0.015460046677306282	0.00030610582750513314	-0.01546307679739488	0.2518010891551806	-0.015460046677306282
75646332755.4629	0.024774473699874077	-0.04875737216754281	0.002443930243024162	-0.002443930243024162	0.0260067954675035	-0.04504509109176804	0.00030616582327592964	-0.019508366312280857	0.00030612813457200596	-0.019510768068144516	0.2518010891551806	-0.019508366312280857
95454845666.18327	0.028712458775239428	-0.057520087442069906	0.00274532557691087	-0.0027453255769108705	0.03036874951570815	-0.05260021712353924	0.00030616582327592964	-0.02461676630852484	0.00030614214987843076	-0.024618669876832953	0.2518010891551806	-0.02461676630852484
120450354025.87836	0.033243387794521094	-0.06794456090133882	0.0030838901988932523	-0.0030838901988932523	0.03546230631529468	-0.06142251629166103	0.00030616582327592964	-0.031062836005239857	0.00030615095419578574	-0.031064344659033488	0.2518010891551806	-0.031062836005239857
151991108295.2933	0.03844517450634185	-0.08036909681539929	0.0034642079754821763	-0.003464207975482176	0.04141017293284691	-0.07172452346990435	0.00030616582327592964	-0.03919685342076286	0.0003061564844698442	-0.03919804905708724	0.2518010891551806	-0.03919685342076286
191791026167.24847	0.04439783216376327	-0.09521027719474466	0.003891428074093283	-0.0038914280740932825	0.048355637309147693	-0.08375442065181697	0.00030616582327592964	-0.04946081928351942	0.00030615995800063625	-0.049461766831735345	0.2518010891551806	-0.04946081928351942
242012826479.43835	0.05118484854619308	-0.11298610334516879	0.004371334678234391	-0.004371334678234391	0.05646602015803485	-0.09780201581492473	0.00030616582327592964	-0.0624124752549937	0.00030616213962023965	-0.06241322618412789	0.2518010891551806	-0.0624124752549937
305385550883.34125	0.058892402081204505	-0.134344229039964	0.004910425300250959	-0.004910425300250959	0.06593670583025116	-0.11420572458171799	0.00030616582327592964	-0.07875561148970135	0.0003061635097965646	-0.07875620659485688	0.2518010891551806	-0.07875561148970135
385352859371.0535	0.06761769375359034	-0.16006357123277515	0.005515998751915255	-0.005515998751915255	0.0769958492483986	-0.1333607228701403	0.00030616582327592964	-0.09937831043835325	0.00030616437032917313	-0.09937878205232643	0.2518010891551806	-0.09937831043835325
486260158006.53534	0.0774164334463129	-0.1911192918935903	0.006196253963903205	-0.006196253963903206	0.08990987230609011	-0.15572846693617798	0.00030616582327592964	-0.1254012050541076	0.0003061649107773864	-0.12540157880176633	0.2518010891551806	-0.1254012050541076
613590727341.3163	0.08832686229476575	-0.22877142606037534	0.006960400992087832	-0.006960400992087833	0.10498988214310215	-0.18184781015252127	0.00030616582327592964	-0.15823837374229888	0.00030616525019802935	-0.1582386699317489	0.2518010891551806	-0.15823837374229888
774263682681.1278	0.10034794050226806	-0.2746311284071378	0.007818785713576377	-0.007818785713576377	0.12259916591690972	-0.2123479843336542	0.00030616582327592964	-0.19967418107189377	0.0003061654633654318	-0.19967441579737774	0.2518010891551806	-0.19967418107189377
977009957299.2246	0.11350970067892864	-0.33072624781754334	0.008783029900765592	-0.008783029900765594	0.143161942624482	-0.2479637583358633	0.00030616582327592964	-0.2519602397561396	0.0003061655972413043	-0.25196042577227684	0.2518010891551806	-0.2519602397561396
1232846739442.0635	0.12770282514361134	-0.3994178466185128	0.009866188569894602	-0.009866188569894602	0.16717358281137068	-0.2895531391126171	0.00030616582327592964	-0.3179377627952491	0.00030616568131946336	-0.31793791020996043	0.2518010891551806	-0.3179377627952491
1555676143930.4722	0.14263345453618453	-0.48407372003199556	0.011082926734455734	-0.011082926734455734	0.195212542367465	-0.3381180416551413	0.00030616582327592964	-0.40119195436979777	0.00030616573412308026	-0.40119207119348904	0.2518010891551806	-0.40119195436979777
1963040650040.2683	0.15789152887722133	-0.5890396502138349	0.012449717956548804	-0.012449717956548806	0.2279542979022473	-0.39482842577038374	0.00030616582327592964	-0.5062468290522373	0.00030616576728532323	-0.5062469216330439	0.2518010891551806	-0.5062468290522373
2477076355991.714	0.17300187021187446	-0.720216601626506	0.013985067384389387	-0.013985067384389387	0.2661876194117283	-0.4610504811669208	0.00030616582327592964	-0.6388110457699142	0.00030616578811219113	-0.6388111191386378	0.2518010891551806	-0.6388110457699142
3125715849688.2354	0.18804979250707213	-0.8837237034196264	0.01570976229570175	-0.015709762295701746	0.3108335722560833	-0.538379539845668	0.00030616582327592964	-0.8060881150833676	0.0003061658011920762	-0.806088173226839	0.2518010891551806	-0.8060881150833676
3944206059437.648	0.20186897182738836	-1.0889614252560291	0.01764715353913383	-0.017647153539133827	0.3629677062178977	-0.6286785086761326	0.00030616582327592964	-1.0171678363756602	0.00030616580940662734	-1.0171678824533783	0.2518010891551806	-1.0171678363756602
4977023564332.114	0.21357440466909344	-1.3480836962337017	0.01982347168416231	-0.019823471684162305	0.42384596618972226	-0.7341227480237192	0.00030616582327592964	-1.2835202355640019	0.0003061658145656055	-1.2835202720798173	0.2518010891551806	-1.2835202355640019
6280291441834.246	0.2215238095878201	-1.6774090051595079	0.022268182159878913	-0.02226818215987891	0.4949349486961064	-0.8572524775831517	0.00030616582327592964	-1.619618843800953	0.0003061658178055945	-1.6196188727391259	0.2518010891551806	-1.619618843800953
7924828983539.186	0.23022469470553597	-2.093607276177867	0.025014384190924575	-0.025014384190924575	0.5779472331492445	-1.0010339719083468	0.00030616582327592964	-2.043727185993667	0.00030616581984040217	-2.0437272089266916	0.2518010891551806	-2.043727185993667
10000000000000.0	0.2367731772563215	-2.62012339186481	0.028099258931811182	-0.028099258931811182	0.6748826389909246	-1.1689310198784457	0.00030616582327592964	-2.5788912167552542	0.0003061658211183206	-2.578891234929305	0.2518010891551806	-2.5788912167552542
